2.247331369956593987e-03 3.613884763177531521e-03 -1.780593634409814441e-01 1.007195548788404893e-01 1.389908948971637914e-01 -3.241279503662808861e-06 -3.838877322115559574e-03 6.381214128042267397e-02 2.018111140114421409e-06
1.017951674909969677e-02 8.507617949182022347e-04 1.182976709424949646e-01 -1.023266542569991611e-01 -5.129200315790205522e-02 -1.838653768643486430e-08 -4.565438608108040447e-02 -8.450329349792257139e-02 1.469264169293079750e-06
-6.040802990037543764e-06 -2.827082199431192726e-07 -6.377421579481858149e-05 -1.577522508541690963e-06 -3.835146484986793792e-06 5.432506074881756492e-02 2.922540838069471108e-05 1.323729225419692621e-04 -1.060176880986155173e-01
5.256182809282858477e-03 3.178286411765053696e-04 5.538305510674468302e-02 5.690147060398213991e-04 3.832495022656709407e-03 6.480081731676633889e-05 -2.674966955502128263e-02 -1.137782532942944597e-01 -1.232521116938660346e-04
2.657649469677041392e-03 -6.822793658594701952e-03 1.125037450222497737e-01 5.916951959699467273e-02 2.326317668056749610e-01 -1.007808917347726635e-05 -1.554592585306073804e-01 2.003688556847202373e-02 -5.099033898804291186e-07
3.653005620609915856e-03 3.236156914131318833e-03 2.641262592077016011e-02 -8.106697012238359146e-02 -3.683710346631225568e-02 1.792477742666166620e-07 8.728342350170396891e-02 3.115045492676370154e-02 3.153284190460445398e-06
2.168664315592371381e-08 5.566429488419206007e-08 -5.405039176119649697e-07 -3.236672940491711263e-07 -1.157893258200446178e-06 4.335862703822437880e-02 -1.951212450098085257e-06 2.099752690714185474e-06 1.198272350961484406e-01
-2.930656639222629922e-03 1.535834751291339888e-02 -3.125027101781946426e-02 -2.321933207748173508e-02 -1.385285070975109945e-01 4.578053873920397134e-06 3.359812479322611678e-02 -2.153004722022086939e-02 -1.734325853951529216e-06
-1.818146843063346910e-02 9.326929673103386692e-03 -1.541316790286087757e-01 8.440215591329257305e-02 1.818717461975857541e-01 -1.169145906603784814e-06 7.765402964865085467e-02 1.570405703459193947e-01 -2.989289539906796281e-07
-1.217209291427672055e-03 -8.774587352895837911e-03 -1.121464715442874877e-02 3.247196130967736072e-02 -3.805414776256350884e-03 5.054745957841637156e-06 3.237192148007664305e-02 1.192148891033543295e-02 -2.639400653043735511e-06
-1.770923364345308974e-06 1.013796642079252460e-06 -1.392282377133517926e-05 4.558389077019135669e-06 1.173670409779961153e-05 4.049550488125264885e-02 -4.411110211476612610e-06 1.151878818312274583e-05 -3.894439517810945744e-02
-1.599230547545239800e-02 -2.176359981274358316e-03 -1.141785982760348955e-01 7.637626382520186497e-02 9.718900245284242678e-02 -5.995767960875464534e-06 -1.201873022212928722e-02 1.300426714480655832e-01 3.164672436010663639e-06
3.422674776565663018e-03 -3.451198040410556351e-03 8.010549682699549812e-02 2.627298175855843562e-02 1.071073527334684972e-01 1.012039925623592109e-07 -2.865272129318606475e-02 9.622032094579459349e-02 2.028823345486600036e-07
-3.612452755134544242e-03 -1.502765593124207391e-03 3.491413246828489053e-02 -3.541908037478929544e-02 6.942125882537927839e-02 -5.660414484579671730e-06 1.361598475441849199e-01 2.680266464727892317e-01 -1.761029684592272981e-05
-2.636874471796528865e-07 -5.936122198011013373e-08 5.679774456486763902e-07 -5.498389373084610378e-07 4.766425906704143959e-06 1.287100569879504608e-01 2.343257872012723643e-07 1.560854057896566177e-05 3.311126830793787446e-01
2.524599001782908830e-02 -1.538164793641773258e-05 1.190087697157451163e-01 -1.364510116307778298e-01 -1.179569532460541803e-01 8.296770790790048851e-06 1.885149292285936418e-01 7.092315184693165353e-02 1.694796600668060825e-06
-1.764394960926209966e-07 2.381067054124859188e-08 -1.794834943271363280e-06 -2.803648543881345667e-07 1.611904528103319691e-06 9.604340579196171679e-02 -2.918110794827453825e-06 3.079800807527167683e-06 1.299317343504283739e-01
-2.220974976770394727e-03 2.278899174557013892e-04 -8.221076287958879736e-02 -1.953036579457947605e-02 -1.262593019627082924e-01 3.674971257507909534e-06 2.723826940691016080e-02 -7.120611189338559369e-03 -1.381365888934895410e-06
2.087239243154182661e-02 2.746101795955869715e-03 1.181528842662106227e-01 -2.426780875942555898e-02 3.608952951780349666e-02 -2.838130013750233504e-06 -6.046976930017600865e-02 -3.198304078380665577e-02 9.741924791457001056e-07
-1.482067169258307551e-07 -6.506584847429529607e-09 -6.627196807812442672e-07 -2.845671754583626506e-07 1.513081255066234211e-06 2.547039253806140241e-02 4.142916140397100338e-07 1.185845725259892470e-06 3.306884840725365926e-02
2.133989013880205410e-08 -3.238346328965772439e-08 -8.763277102321828919e-08 -1.915662541036716227e-07 -6.262036791349050719e-07 1.820552550970843883e-02 -1.268396389395977453e-06 -7.628903322351535092e-07 -1.793980746031835841e-02
1.086706627804544592e-02 5.293136184281985873e-03 6.734765358070309016e-02 -1.960431155734285516e-02 4.923640638587021418e-02 -8.621793635329878328e-07 8.498571649168069897e-03 5.580627130970663985e-02 -2.360099860146384326e-07
-1.131837874324647658e-07 3.612593384217553476e-08 -1.040928492951819896e-06 4.458321269828992276e-08 -8.583387068115113629e-07 -9.807931610338861683e-03 9.065420740195145499e-07 6.298416217430999774e-07 -7.537857350505433075e-03
2.072779528251654079e-03 -1.985787000147079540e-03 2.115164647739085219e-02 2.390456381036877229e-02 1.216865666685858997e-03 -1.508418958479747585e-06 -3.387165311654083411e-02 -3.250483436146095473e-02 7.954436340866287410e-07
3.933337746118105958e-03 -3.499354773096969781e-03 3.471267424490440817e-02 -4.384977768661558854e-03 3.391741033168892139e-02 6.051196236399591902e-07 -9.774990881316723487e-03 1.445077105919522799e-02 -1.762252148511699913e-06
1.510845549274117180e-07 4.785979976678316502e-08 8.712829830278773616e-07 -1.941749299684662215e-07 1.030720350081613590e-06 -1.319219710793599620e-02 1.210695151626634546e-06 1.041688072561451819e-06 4.218841840102754287e-02
-4.514117847865109501e-03 -3.206075151242327760e-03 -2.893967822774135348e-02 2.361271949491675244e-03 -1.527025668410862333e-02 -2.506293632694230557e-06 -6.711075923751536575e-03 6.346222384149878895e-03 2.306962944045540665e-06
1.892597556327986139e-02 -2.193819324876391044e-03 7.059440176445525017e-02 -5.332461455837739228e-02 -7.686655228141163476e-02 1.702263287485619563e-06 6.109355299615614777e-03 -2.461497288423127733e-02 -1.595813013629446295e-07
-1.686778875954738841e-02 -2.590618510816925912e-03 -8.873161904624293772e-02 3.406262995257334364e-02 1.709362338986491689e-02 1.073281219902293682e-07 1.043838051440838972e-02 1.816872572864597747e-03 9.976466131350530363e-07
-2.840292054563046005e-07 -2.209881482549415655e-07 -1.567325685526899926e-06 -1.093159772007423552e-07 9.731181768274401443e-08 2.018882502907455231e-02 -5.046640181794457671e-07 2.874917948930550911e-07 -4.294711419144994768e-02
-1.019204699046859577e-02 1.269911313882569979e-03 -4.260549482351701917e-02 2.214115586592250301e-02 1.862878115532597828e-02 -5.205150372826081500e-07 -5.111043032564973297e-03 4.963690221375465644e-02 -3.550271489892727028e-07
-5.568709051745558171e-03 5.675406873843687541e-03 -3.706724923794735976e-02 9.616704666364710163e-03 -1.979738807421656602e-02 1.974210193868872110e-06 -4.410691685435714701e-03 1.651722298695118118e-03 -1.293095761828624096e-06
3.505866016659159385e-07 -5.028923135535671046e-07 1.165177491012981904e-06 -5.174333633056713391e-07 6.555014879030653489e-07 2.827391488627442606e-02 -8.520710590216577947e-08 4.885957591503267909e-07 5.512563746949906279e-03
2.586523184068248351e-03 -8.148236276379087692e-04 -1.332666785585921027e-02 -1.408671934357987390e-02 -1.901037415569029054e-02 2.599016758204647853e-07 1.649160539930735053e-02 7.203959194209511550e-03 -4.766555848990313501e-07
-1.507630783196874163e-08 -3.014046947198490772e-08 1.356519109830912875e-07 -2.742690421419509157e-07 -1.095051354411657288e-07 -1.574384935011712700e-02 1.263388898089547488e-06 -1.271022680663752900e-07 -5.110191070739356078e-02
-2.765323853045513029e-08 1.405925435349566316e-07 -4.685414421862637381e-07 -5.137278672646771100e-08 -1.005495673700275620e-06 1.076579738106868758e-02 -5.376760097545641168e-07 8.711115227012562329e-07 3.684961359428232802e-02
4.230531466675806581e-05 3.723153478756193856e-03 3.051109906882341558e-02 -9.090748398972050767e-03 2.046067649661738666e-02 2.717579489045533274e-07 -5.398756969715483474e-03 -1.224494658301672088e-03 -1.472270123734740939e-08
-4.342359828902961523e-03 9.087678497901850033e-03 9.006450705889627179e-03 -2.593260819715138485e-02 4.802274527209646204e-03 4.117990372672314525e-07 3.126612507736876295e-02 5.369307155977265378e-02 -4.536285929031160516e-07
1.257592645714888414e-02 3.458399199849597830e-03 8.813412728132763788e-03 -2.630865819378827228e-02 -3.061287831330603698e-02 5.197423085553678739e-07 1.763981139895416314e-02 -1.635934612027597004e-02 2.015776122562170397e-07
