5.663098215378785209e-03 7.728072126233881400e-02 -7.986775867128607098e-01 -1.031112790795598858e-16 -2.564719749801717716e-17
2.239003967900734648e-03 2.791352699222614947e-02 1.966364862706158068e-01 9.460494439516970275e-17 4.784023941825939841e-17
-3.948370972725202127e-02 -3.089470152868513120e-01 2.125683617770311173e-01 -1.040421994187001296e-16 -5.557669010369802139e-17
3.972353608004583381e-17 7.355430576224177610e-17 1.391637687607713179e-16 -3.347762991342521643e-01 3.067896080765177280e-01
8.610537347353248486e-18 -2.483851717627341090e-15 -2.770942244994753688e-15 -3.231557629779560625e-01 -3.184883328889930310e-01
1.654319680412312879e-02 2.537082151259397178e-01 3.014431566109732619e-01 -3.085765318891700227e-15 -3.396369121160425206e-15
-6.793108890794381018e-17 3.586432549847722744e-16 2.306256946111885529e-16 1.461041904388223900e-01 -9.249703343691430268e-02
-1.071316767798091616e-16 -1.499831237034012992e-16 7.039264330339511861e-16 9.600958683788150816e-02 1.409871780526895657e-01
2.900757666602753887e-02 1.228543939798608237e-01 -1.074006942616536203e-01 -2.432521118015559136e-17 -2.147462470386252815e-17
-3.755395711759577252e-17 -3.830547562435650780e-16 -2.267320434371450029e-17 -6.419866695120460265e-02 -6.522152418229910931e-02
2.559787886821879920e-17 8.676969792929789074e-16 -1.788858864276077286e-16 -6.047562596651155642e-02 6.945769286922019725e-02
-1.571661016140404302e-04 -2.041890796937642638e-02 -1.969098609384013591e-03 -1.946010615093610011e-16 -3.196175907262866290e-17
6.916884639754282632e-04 8.986374052638224086e-02 8.665993356153029251e-03 -1.863143061325950916e-16 -1.144921270140739928e-15
3.869892024623743793e-03 1.238975108275442438e-01 -6.200809871794830952e-02 1.403887921070809259e-16 -2.234536590814912288e-16
