-2.059168782593661859e-03 2.616491720913910902e-03 -1.669078624775160447e-01 8.539168272638238133e-02 1.310701720084422595e-01 -1.897890219610679689e-06 1.057659401409788755e-05 5.603521177044542417e-02 1.503898559997393657e-06
-8.781173199654962458e-03 1.566965641625406910e-03 1.024065544649795656e-01 -8.573263904363724597e-02 -1.282969231236589548e-02 -1.589169024883065982e-06 -5.911679317108297499e-02 -6.959969456269682331e-02 1.709921914027885393e-06
-3.231419679022969494e-03 -4.818304761959153683e-04 4.774585692332148495e-02 2.338302910283292582e-02 5.037296705626091720e-02 -6.488174725443674514e-05 -3.264121260620634485e-02 -8.150547939666495656e-02 8.968764150934591269e-05
3.489657215634520571e-06 4.425909130178163565e-07 -5.166274240477558246e-05 -2.334127172543989075e-05 -5.601954604110972129e-05 -6.230070673575903439e-02 3.645641583559836821e-05 8.304301044884924868e-05 8.659583101835437169e-02
-9.088027518672094464e-04 -3.100329641318619062e-03 6.407579539579164041e-02 4.094407073269450137e-02 1.809092122734262398e-01 -8.546470124370528505e-06 -7.529744279261699202e-02 6.752874411290074597e-02 2.960115863262215024e-07
-2.306587936457764765e-03 7.652292661904851016e-05 6.241348529379678843e-03 -5.334735952238956608e-02 1.002575046600170244e-02 -5.253505401183373504e-06 1.075499694744281032e-01 2.698776754177554388e-02 -4.682959197127591113e-06
-1.261030675004197389e-07 1.231071749581499464e-07 -1.416461829266772216e-06 -6.542680600993745815e-06 -1.130516412808327614e-07 6.102457247130495255e-02 1.100124541671025768e-05 5.359054940021333042e-06 8.172233165725982518e-02
1.744619234675830622e-03 8.805116750414645338e-03 -2.255342089129269006e-02 -4.150510280592839552e-02 -1.426136534219763219e-01 4.816224228989155707e-06 8.338652417597715305e-02 5.019415805925448067e-03 -1.358816030740352045e-06
-1.068172756021528585e-02 -8.240499026572705929e-03 1.378497227961884564e-01 -9.222384161928436075e-03 4.305431576208466199e-02 4.280561165806333319e-07 -7.944866174492751926e-03 4.527078723992825765e-02 -1.800079678636868250e-07
1.233644264173395719e-02 4.384706379615368153e-03 -1.160845666197332093e-01 6.799283111214962649e-02 1.398253388736496738e-01 -3.884461134440009556e-07 1.115084660210623052e-01 1.595855406794314535e-01 -4.853239045839823469e-06
-1.694544161267712212e-06 -1.834544197682888278e-08 1.654689941542143025e-05 -1.193123813096245161e-05 -1.214099041311297995e-05 -9.339931593365526086e-02 6.660409840661180277e-06 -5.403657015453250784e-06 -5.285971394084389152e-02
7.164747184132316121e-03 -1.883013107775108504e-03 -7.534353346626899983e-02 9.210128493567912300e-02 2.425357587610449395e-02 -1.457894598450535110e-05 -9.163465011432864182e-02 -9.957287281122430278e-02 -1.272513941213538103e-05
8.167160131925779026e-03 -1.112907740662457149e-03 -6.506222775695463811e-02 1.762499643068448502e-02 7.793192556949643524e-02 -1.210265025502237421e-05 6.385026517457190187e-02 1.864687830934979307e-01 -1.586841094855768553e-05
-5.774299660674896120e-07 3.061717252970631155e-08 4.110395853898073199e-06 -7.343922027176989725e-06 -1.328468701501584212e-05 -1.095655298663953114e-01 1.599018035744649438e-05 -4.596570846848409035e-06 -3.119131572570454924e-01
1.096521335993995037e-03 -2.022460516422311394e-03 -2.530002935926006433e-02 -2.413933126533079898e-02 -8.702521003228032292e-02 1.322413698600226609e-05 1.217412961270065014e-01 5.038744574886228067e-02 2.776527148464706906e-05
1.675132492548735141e-02 -1.281140069203075618e-03 -9.141790628792055562e-02 1.311013518397214916e-01 2.278223938171372587e-01 -8.873050886834071377e-06 -9.473903168824149290e-02 9.332859898916363861e-02 -6.360789347149355781e-07
-2.496647002135899551e-08 -1.023385833781339407e-07 -1.168372413560663063e-06 2.061440554977838776e-06 -3.858653303016801444e-06 -3.443735473389932661e-02 -9.083412811085440769e-07 -6.076118190989914132e-06 1.697931804943787412e-02
5.141051285264465476e-03 -4.025260080827145121e-04 -5.248920642264698344e-02 5.428548198842978595e-03 -2.575996883049832750e-02 -6.465793608778456414e-07 4.102964669463684752e-03 5.887775812278508991e-02 -1.721266116006252850e-06
-1.000220516437217398e-02 2.853455162152979813e-03 1.188883785842700797e-01 -4.839756304569264173e-02 7.600327754520129486e-02 -6.078455496754345350e-07 4.802067083469688247e-02 1.039579192537791463e-01 3.238566928373198582e-06
2.634091354136160612e-08 -1.513481154682029739e-07 1.387220300222624273e-08 2.259721383112107671e-06 1.218420101222352524e-06 6.768135904648596261e-03 -3.276114308801405065e-06 4.678554529884461844e-07 -5.166779998493601853e-03
1.212245602486285720e-03 -1.303118712477483072e-03 -2.851266861609896494e-02 -3.173638548069652315e-02 6.638662998934357143e-03 1.811837558619326389e-06 5.576818777345872447e-02 -1.326864953665256829e-02 1.206510683519125435e-06
-7.016726943315108357e-03 -1.079520038026181294e-02 7.073903737909813250e-02 1.159596357375609552e-02 4.838864474283775113e-02 -2.108713070378795258e-06 -4.348146402483090561e-02 -2.096831016086854807e-02 2.601515815715909895e-07
3.928476061995021053e-08 2.150869521064078623e-07 -5.770103354232254657e-07 -8.318725108020562883e-08 8.186460593862712565e-07 6.112228720829764039e-02 -2.309848483934339707e-06 1.394521615405124746e-06 1.017860073775130048e-01
-2.561228333971430401e-03 -2.317127193591312674e-03 3.469641984295849385e-02 2.357155144329406773e-02 1.995761948318017925e-02 -1.649552781324876285e-06 -6.953937800986796647e-02 -5.580056832407225692e-02 5.859387515172151921e-07
-2.824668912369554703e-03 -4.193111750995808309e-03 3.217701917392529892e-02 2.837680475491070539e-03 2.723103720594194713e-03 1.676583806453959351e-06 2.138768495581294671e-02 4.372008650369427901e-02 1.910307696511374243e-06
3.031121867336027496e-07 -2.811616308682793021e-06 -3.668169533795184158e-06 9.328528841187283682e-06 -3.556805302028093484e-06 1.886722106915081701e-02 -1.519030480322218968e-06 3.062316743858482879e-06 -1.474836431990989537e-02
-1.223545785210119943e-03 7.519541010331425197e-03 1.472638879015819059e-02 -2.444772104322693457e-02 9.891148870219770156e-03 5.704482708747363144e-06 2.824758129744178638e-03 -2.291915650256612716e-03 -6.592152705210156528e-06
1.249663443223850403e-07 -4.957739959971968388e-07 -9.749462310637577231e-07 2.689189438270272154e-06 1.100154795615272124e-06 -2.391804725443381213e-02 2.158833181897735030e-06 3.664148431585182265e-06 -1.337416432135967066e-02
-3.887794293944589127e-03 6.524420442976261100e-03 4.048123865595019272e-02 -1.250732855129261210e-02 -1.878663275403157085e-02 -1.889792199964401505e-06 -4.854615873767294948e-02 -3.131477926554367824e-02 -2.157134171027071633e-06
2.624974218939338396e-07 -2.823069117024739728e-07 -2.136686620679642692e-06 6.026393649538580137e-07 1.230147613113735042e-06 4.205108267915848297e-03 2.486461168869891819e-06 1.165818618942398596e-06 -4.587595359009638551e-02
-5.491693636535920943e-03 -1.050451137047952663e-02 4.661805593335371228e-02 -2.118909577895399660e-02 -2.397567423134401923e-02 5.473065678465610799e-07 4.507719000205102737e-03 -1.111234944001736856e-02 3.890170567801291896e-07
4.054973823288790703e-05 1.782380077049909497e-03 1.503551680516875856e-02 -2.619088201801698934e-02 7.621305457996641573e-03 1.646179888389294336e-06 6.297003262233427656e-02 8.477786502787026945e-02 -1.045393317335941692e-07
-3.832645216117720813e-07 -3.927957629359817324e-07 -1.964404201186547234e-07 -2.499027228633766788e-06 -3.986812748210222320e-06 1.943486111368662381e-02 1.121727832557922759e-06 -4.732669392217984304e-06 5.163701718488137443e-02
2.623512752047815668e-03 4.760728315892270336e-03 1.996792919194651222e-03 2.578566710883446744e-02 3.452736986286747412e-02 -2.645159766898683496e-08 -4.171567846848476396e-02 2.438072746882279096e-02 4.169233139011809197e-06
1.529261612876226624e-03 1.829068724282249076e-03 1.090219669747373270e-02 -4.646908383463621908e-03 1.814849993113505644e-02 1.402612985209339229e-06 4.608219298050471313e-02 3.848458016255690978e-02 2.817992680607442985e-06
1.108611515088421366e-02 8.532509349625450523e-04 -4.852728801114711971e-02 1.193315245759860380e-02 4.117472150377028683e-02 -1.285385211405594570e-06 7.392855090688421442e-03 3.722132631859970120e-02 5.394192181559592178e-07
-2.718009796172948646e-10 -1.155456939077387456e-07 -6.410648005761771084e-07 -5.848369984329648652e-07 -6.067224159667927600e-07 -2.360175231646078134e-02 1.165111584365970072e-06 -7.053109041741082619e-07 -2.246442120248048555e-02
-1.764386294842099773e-02 8.250836958274108610e-03 5.900176054335382059e-02 -5.508986436155166588e-02 -5.376636508611472298e-02 9.559090970116957198e-07 1.533136821073140732e-03 -4.603532856563720410e-02 -1.440278975331840898e-06
-6.821832650051895021e-03 -3.802000998949865360e-03 3.509800660837648478e-03 -3.154434828091464554e-02 -7.667949305513700742e-02 -1.702916966998116054e-06 4.406424057226555197e-02 8.939290527650299231e-03 -2.246455066229496227e-06
8.933571393962160177e-07 4.660841790533233915e-07 -1.011519606780652823e-06 3.756248258330447950e-06 1.033152955424830977e-05 -4.697430565489500720e-02 -3.231976759836249168e-06 -3.008583103861394064e-06 -3.626587599982934035e-02
4.461232158963519302e-03 -1.980905504604468705e-03 -1.824639637030420203e-02 6.951073983286558400e-03 -5.445421111510409182e-03 -4.215363807053234341e-06 1.503926865034632167e-02 2.988263623867160046e-02 -5.190618127411126198e-06
7.526940601977664793e-07 -4.484185962596622715e-09 -2.621620595251778724e-06 8.321270522687006891e-07 3.274939388393969766e-06 -4.055634008088396247e-02 2.252843394618640596e-06 -1.436084384333166646e-06 -1.072313291633026494e-01
-3.179938174320751294e-04 3.401190546592304954e-03 6.903663548525877484e-03 5.784980342536444851e-03 2.144026755821252725e-02 2.778936835288918790e-06 -7.387538170118538097e-03 -6.052967864526484498e-03 8.229985616390793365e-06
-7.322879311068563962e-07 -5.212457565031877004e-07 5.261684428918787019e-07 -1.951467584923621681e-06 -5.805043834025759845e-06 1.580280121939967378e-02 7.470673412408084177e-07 -8.100078898004571505e-07 4.645016183677286303e-02
-1.639262197267300422e-02 -1.048533099803912027e-03 3.338431297736207254e-02 -3.187824679025886426e-02 -7.954985322697276373e-02 -2.225198036825737655e-06 -2.467513467899480617e-03 -5.610381291306064389e-02 -8.427358174510047757e-06
-2.066287577481248569e-02 -1.989859643228323270e-04 9.121201051132225845e-02 -2.721331904093148707e-02 1.488482415919680814e-02 -1.062798429671843379e-06 2.525350700995630891e-03 6.615983474560801873e-03 -4.169283580610317929e-06
2.232868027819465834e-02 -1.402373541164520475e-03 -6.775983398901866406e-02 6.839743385534322040e-02 3.433499335690744225e-02 -1.230357202882269387e-06 -6.233959464535965278e-02 -1.824333323712166305e-02 2.027695029675511051e-06
7.365708825734630177e-07 1.328644717226383560e-07 -6.763469289242190014e-07 2.544654357827305009e-06 1.800574584715821073e-06 -4.244853852181330878e-02 6.286620155073238950e-07 2.941113502845475837e-06 -1.290155061502653855e-01
6.372645740559079036e-03 -1.816602285979252059e-03 -5.224609881836583813e-02 3.181596566209306948e-02 -3.567095353868059149e-02 -1.719453422104326964e-06 -7.393359953634988380e-02 -1.184248144498475791e-01 -1.733414754940158656e-07
4.322045173941230998e-08 -1.162912468944455449e-08 -5.404595134232783950e-07 -1.278151591596934288e-07 -1.010213677792902290e-06 -3.772428640378087256e-02 2.121702372261806530e-06 -1.625313636305044140e-06 -3.593716364253570633e-02
9.214550050648044307e-04 4.162889444005220415e-04 7.688832997809565487e-03 -9.131339151516154259e-03 2.373059503869725043e-02 5.763108465251084955e-07 4.537966782534517962e-02 4.805947513527418502e-02 1.630414310205998271e-07
1.034108967914812612e-02 3.417175450930336200e-03 -5.954569574666281756e-02 1.476002508027356858e-03 -4.340844463146209531e-02 1.648355755990896495e-06 8.710152157500154063e-03 -1.284475205610470516e-02 -9.812816160358149305e-07
2.023503598355190888e-06 4.095995092310941137e-08 -8.117125589119731640e-06 1.948910609499810357e-06 -3.366903948421122581e-06 1.966260254157400911e-02 -2.549324197298697161e-06 -3.140971528139450560e-06 4.302370124392163042e-03
-1.698763833321409802e-02 -2.169497668336342426e-04 6.561424480216099253e-02 -1.505185217882354029e-02 2.438135678820981325e-02 1.395363135545515065e-06 9.195453592351890762e-03 2.191733787018376733e-02 1.792859492035278960e-06
-1.258279636234218075e-06 -1.512308768403913747e-07 4.771579349232007965e-06 -8.025679992175804370e-07 2.174989778256602184e-06 2.788165107540624844e-03 5.684167933018869534e-07 1.172302737420367904e-06 -5.188574097713999703e-03
-7.515615624564596885e-03 2.780110746904697078e-03 4.641342775854326308e-02 -1.055543470735118526e-02 3.223962553289218963e-02 -2.520363610880907029e-06 -1.472816822996772523e-02 6.550766004879237173e-03 -6.481497818550294472e-06
2.934618711899283484e-06 -1.336317155765364248e-06 -1.594332127140365193e-05 3.101951166085562822e-06 -8.682818122779414725e-06 -5.970110132791603061e-03 8.129719411247888919e-06 5.620519260151879150e-07 -2.124746178071490466e-02
-6.847693976226521678e-03 2.845197714145520328e-03 2.682838034077148284e-02 -6.517295151095110154e-04 1.215916893055320278e-03 -2.977280046252362558e-06 -2.423552090541558970e-02 -1.837991727894772859e-02 -2.405879830407980208e-06
-2.418563495619482570e-02 -1.412038108002033974e-03 5.640172542461785454e-02 -1.950711808768038763e-02 3.189489663074582433e-03 1.922323938019739112e-07 4.068728855511962242e-03 3.152893227961047536e-03 6.174577251245076800e-07
1.345998473625113096e-07 -1.002718047904922174e-07 -2.451176634218751422e-07 8.845015126214287307e-07 6.119781161161538924e-07 1.020496829174381316e-02 -7.421597127589234524e-07 9.919344604246595921e-07 -2.173680844380670649e-02
3.441486421654715161e-03 1.287395618684270687e-03 -1.326539879792123545e-02 -1.705954055574151812e-03 2.095584139309958588e-04 8.865329595145885281e-07 1.495709454203500086e-02 -9.790781308826964138e-03 -5.663746393233728288e-07
3.627438409596195259e-03 6.083781308033373676e-04 -9.704768909456408521e-03 2.107173962295151495e-03 3.442546590324268522e-03 5.063633463458280448e-07 4.147743882859179602e-03 3.107815043878122373e-03 3.889124847702698096e-07
5.473923276692262314e-03 -1.124544683858550841e-03 -3.361056628805259711e-02 2.145005345923083756e-03 -2.078870067686968554e-02 1.919275569988319510e-06 2.085828464719163486e-02 1.009887963929931819e-02 -4.696083664019154754e-07
-2.190298582431856383e-08 -1.328191272530507924e-08 -3.419701270437568436e-07 -1.520954042490598567e-08 3.071546887999624856e-07 2.605650525430351291e-02 -9.144507176707838598e-07 5.575260898912337114e-07 5.077315627544020521e-02
-1.701443937250721660e-03 -2.860100206353998636e-04 1.979078490734123910e-02 2.865529412357658776e-03 -1.213390953644189960e-02 -7.741622560610373228e-07 -3.318444227026718513e-02 -4.138373629286855315e-02 -6.756117772861568332e-07
2.014932122103575267e-08 7.411659840244564929e-11 -5.217463264969398672e-07 -3.332000762693439870e-07 -7.058517495356532887e-08 -2.452514354406845273e-02 2.021619945035525917e-06 1.411039957675204549e-07 -4.879110843454947249e-02
-2.704809068994365635e-03 -3.832016005787270991e-03 -3.057714910071678612e-03 -1.281823840216287681e-02 -3.559824897662444004e-02 1.433707351155033517e-06 1.929600417153876091e-02 -7.266825014762258450e-03 9.217770861609196406e-07
2.735835333625813634e-08 1.086012703693306188e-07 8.800717266712820871e-09 2.804537491741853845e-07 1.127389320414095145e-06 1.124766187645781339e-02 -6.856925085486239676e-07 1.038506261873500228e-06 3.456940399905657907e-02
2.345377014244878332e-03 -3.395114942923250622e-03 -1.182326343480556187e-02 2.123712083279367165e-03 -1.215553115783799681e-02 1.129238537744320520e-06 4.157337514593167221e-03 2.146560596818587654e-03 -5.380115005580495385e-08
-3.617407533293799746e-03 2.154757406865828555e-03 2.875798436217711154e-02 -1.967976707054113969e-02 -1.235146799980387997e-02 1.002798929622541912e-07 3.260985857230296395e-03 -5.671471015713825401e-04 -3.657127661718088133e-07
3.324421238613982582e-07 -2.396534977240209380e-08 -2.019171697977194551e-07 2.471037846498158815e-07 7.905488711441894945e-07 -7.526298064659049658e-03 6.567578373861529517e-07 -1.536135984031897070e-07 -2.619618366228778847e-02
-1.134022847774497633e-02 6.587562434927034640e-04 -1.710988664870005324e-02 1.838388616109907277e-03 -1.427472421794159438e-02 -1.257502106588499677e-09 -5.458734679056946766e-03 -1.041527843410962675e-02 1.773497530155018020e-07
4.852381264979352143e-08 1.616410958864760309e-09 -2.220716160379375882e-07 -5.045583984239570087e-07 2.293511694993054921e-07 1.108832053823311133e-02 -4.141012062529471358e-08 2.007299411218267065e-07 1.573921270594596383e-02
-6.894659813527292437e-03 3.268983661989393035e-03 -4.284122017373108611e-03 1.107260344895675402e-02 1.069191885255234981e-02 -7.901217189021685143e-07 -2.404254113305780496e-02 -1.871054667265340324e-02 6.516289382791380978e-07
-8.002954243109140081e-03 -1.075768332630627202e-03 1.684711680518536899e-03 -3.749072863069176451e-03 -5.714043372093012899e-03 6.194565452951523131e-07 4.723150429872070843e-03 1.156872615469220923e-04 3.320926347017282869e-07
-7.740088976235460962e-04 1.368023352417384992e-04 2.027263282234707028e-03 9.490658830777345479e-04 1.941426491921840070e-03 -1.438713401762434498e-08 -3.162636096111131993e-03 -8.657580353566915335e-04 1.428723401754885504e-07
2.533286481952081587e-02 2.972450313798937101e-04 -3.038102168754854698e-02 1.054781071727712606e-02 -5.801634813812970963e-03 -1.999138798705987377e-07 -6.779842054756912879e-03 -9.521076699713377361e-03 -2.842237184630773201e-08
