7.735755967746078994e-04 -2.825036545169745021e-05 8.071816648859857224e-02 -4.997186314446488975e-02 -9.444492152507970306e-02 1.875348008465712209e-06 1.248989976293774645e-02 -3.969676886139569816e-02 -4.237047697809794795e-06
1.276466502193637884e-05 4.333506241643240563e-05 -4.098502087166508434e-02 6.235911240720710957e-02 3.521999546380508161e-03 1.435075078127679890e-06 4.696408326449016957e-02 7.673107113468333185e-02 -2.035663934874961829e-06
2.041982105356683250e-05 1.381929590716037990e-04 -1.689468493314864178e-02 -1.254397296737269803e-02 -3.247321092737077974e-02 7.352166632885559321e-05 1.547717965864806554e-02 8.609957898361461637e-02 -9.459383749578893991e-05
-1.991482197718793977e-08 -1.413697326100129672e-07 1.821526995867157132e-05 1.218425313783220406e-05 3.626704518675278065e-05 7.158442785600582781e-02 -1.905075905943531101e-05 -8.742741829078018857e-05 -9.178481986261485814e-02
-1.609908615785145757e-04 1.652201993718749871e-04 -1.704855962938958691e-02 -1.782656635583031168e-02 -1.084919190691034790e-01 6.928263280975719283e-06 4.508900401396402635e-02 -6.010323669396124002e-02 9.129065758965405442e-07
-2.088251910330022904e-05 4.651562870113179542e-05 -4.919323361599436777e-04 3.444891307205905084e-02 -1.858924976125393702e-02 5.754426921545542634e-06 -7.453774254688413925e-02 -1.183246520698747611e-02 3.690885060930796153e-07
-2.859126831664553717e-09 -9.877836275925953768e-10 6.984048193375046896e-07 4.209339969065974673e-06 -1.570017200295421726e-06 -4.274870875628775102e-02 -6.917774451870786118e-06 -3.161744695763178140e-06 -4.713306677593427640e-02
2.166491302685698761e-05 -5.582835365977864084e-04 1.560564379054916323e-03 2.286987384847327665e-02 8.053882765358566509e-02 -1.968739514116162809e-06 -3.630538265833543193e-02 1.326553154773014997e-02 2.652900729363466962e-06
-4.737596093954592538e-05 3.976242352484939840e-04 -4.327432487754447055e-02 2.536017357243013602e-03 -4.568712932488977474e-03 -5.532692731600744969e-07 1.038824491065054763e-03 -2.966858606915346447e-02 9.946246643844213235e-07
-2.638861792296001425e-04 -2.044075224058982808e-04 3.938718460123344367e-02 -3.805505984786836104e-02 -8.398066018254310428e-02 7.198024567094011995e-08 -4.926158035506929267e-02 -1.137737793122619578e-01 4.062600162284271273e-06
1.808242782895464681e-08 1.821112634722353501e-08 -5.760892568381678462e-06 4.887635001208968774e-06 7.653293599198495635e-06 3.717490768052388039e-02 -3.392352531498102154e-06 3.896188208522827342e-06 3.799066416887727365e-02
1.943529007517738540e-05 9.060992200678291936e-06 2.791054359472717322e-02 -3.713604013612537696e-02 -2.129413516049513677e-02 6.234432182879356607e-06 4.421229650147157075e-02 4.708258704966734182e-02 6.793401735719769725e-06
-2.319877387119330815e-04 -9.811475727073722250e-05 2.084218759039626126e-02 -7.357782301625748894e-03 -4.336378638238643640e-02 5.194505083487942543e-06 -2.820333650667492323e-02 -1.007573538628514787e-01 7.808089790956258122e-06
1.476893344023061239e-08 -1.425920423660253307e-09 -1.837166135146248114e-06 3.393283117343204449e-06 5.796063460592237270e-06 3.962539398439741262e-02 -7.172402999977004762e-06 3.498786713649448794e-06 1.434912339601715769e-01
3.406029603465503730e-05 3.210549264383343385e-06 2.597190024134068964e-03 1.087529917978861602e-02 3.274962564188484138e-02 -4.581589771628799729e-06 -5.594225838683963836e-02 -1.583973043923290330e-02 -1.346594841972495823e-05
-3.272813198546820871e-04 8.355475898747706802e-05 3.010100045879474454e-02 -4.833184364218446466e-02 -1.002508992104444024e-01 4.055353007767866346e-06 4.106466437889266796e-02 -4.969905692486034643e-02 2.912065195256556211e-07
9.168070870919219045e-09 5.234607359284922013e-09 1.578676640327081971e-07 -9.549817991189849482e-07 1.676317541751504510e-06 1.715952074846456565e-02 6.606940283558815503e-07 1.995328717792497649e-06 -2.376890472939634930e-03
-4.013579287254209760e-05 2.529385503447332829e-05 1.183647343265606562e-02 -2.909290313918062691e-03 4.947185739274603984e-03 2.983694064716064584e-08 -5.487926710095359858e-03 -2.192288886801115055e-02 1.258977471081385307e-06
-1.852351893490732429e-04 -1.228335350087704210e-04 -2.333366038849511021e-02 1.616699881923111190e-02 -2.305684219468731241e-02 2.277200385828781614e-08 -1.812181045044874636e-02 -3.275607745563008377e-02 -2.230436688183582489e-06
1.581886894217437847e-09 4.237151784194493158e-09 1.824355400091973010e-08 -8.134497935520358414e-07 -2.773901715298819570e-07 -4.450078458148829311e-03 1.585533506569649665e-06 -9.659303285086441779e-07 -6.990538419165913918e-03
-2.211752802518862144e-05 1.576385431658406039e-04 9.724676092163427737e-03 1.548620342087828755e-02 -3.148773977134333192e-03 -6.011557815233955940e-07 -2.185903030733974545e-02 6.806783068026087645e-03 -1.174337352231784950e-06
-4.943396409341912438e-07 5.426537479939856894e-04 -1.375825075147099966e-02 -2.175170422104171636e-03 -1.343193794835796477e-02 7.412647019803146019e-07 1.173415602834828285e-02 6.801140513111957227e-03 2.023460214743193667e-07
2.461243456728121600e-11 -9.070789253978019545e-09 8.918948190489105796e-08 -6.781007919278487590e-08 -3.285690643186131664e-07 -1.539940136896772276e-02 4.970090377591375317e-07 -3.211381038356709828e-07 -2.925785909156582848e-02
5.608678377549396746e-05 -1.622694740815593161e-05 -6.032874932415612304e-03 -1.667848005793281206e-03 -4.793206824688419493e-03 2.535196174630895320e-07 1.763466154905088401e-02 1.632218311848340070e-02 -3.164568552082649037e-07
-4.353834921421627585e-05 1.377413545277829800e-04 -4.176055256502228009e-03 1.731942267835369104e-03 -1.626522624628373801e-04 -8.725009378473831111e-07 -3.800931393589214620e-03 -1.381747803483519485e-02 -6.147483411910221684e-07
-1.773574112357555999e-08 5.366576723939832554e-08 1.643638056074060969e-06 -1.453956037525702159e-06 6.494079732601666946e-07 -5.717586129257422670e-03 4.448165234787929658e-07 6.708825467841274171e-08 5.382722154443174770e-03
4.556875008218397451e-05 -1.517313810009397290e-04 -5.254608098818392727e-03 3.796208135979873329e-03 -1.829238277491103837e-03 -1.372876346767709346e-06 -6.139030583392329201e-04 -2.144114644066909530e-03 2.279282827144296295e-06
-1.151088705566298687e-08 1.489359669505693050e-08 4.185906290632304769e-07 -4.905738862589296533e-07 -6.686923257199847328e-08 1.456121432158373127e-02 -4.630826341894960544e-07 -8.113764843715885971e-07 9.942538922060517245e-04
1.466444636314721904e-04 -3.963930877116394764e-04 -8.229256928843816862e-03 2.739011034725266462e-03 3.620733370785918139e-03 4.845079746004226910e-07 6.180008185880747282e-03 3.382599022209288250e-03 1.037899389533520381e-07
-7.715747982113446934e-09 1.656593179219713812e-08 4.000329491709902960e-07 -3.837167279668856044e-08 -2.151554700030183829e-07 -2.134915921309677670e-03 -3.198310448019282851e-07 -7.020807227953708422e-08 9.340076640520611484e-03
1.016240089087572647e-04 5.678907709571868025e-04 -1.056129099619606583e-02 5.479175162723368825e-03 -1.930735205245837083e-04 1.666477670118598902e-08 1.000653387321255800e-03 3.534811705239510569e-03 -2.227329586433803325e-07
-4.778545587008802741e-05 -2.071957974085636834e-04 -8.340405619993473615e-03 4.828660407850877447e-03 -4.292012370042732131e-03 -2.474712162654476276e-07 -9.658588515034722405e-03 -1.646799509416718363e-02 7.199047841846676588e-08
1.965210895946228152e-08 1.689840755945941602e-08 6.142837489529614938e-08 5.293972516071717947e-07 2.387525913567859665e-07 2.392106851640469264e-03 -6.138695747860461717e-07 1.179447682650747513e-06 -1.056765242379884527e-02
-1.666803977929101534e-04 -2.011459771073397678e-04 8.849218116032674412e-04 -5.911887447689542774e-03 -1.011403922080639402e-03 3.026699880511828717e-07 7.832657062657564714e-03 -6.532892124418598900e-03 -5.721939492264205577e-07
-9.322087347195527922e-05 -4.247065284697335187e-05 -4.992330275040966249e-03 6.335227635109333746e-04 -1.143092847024006122e-03 3.678594404504680495e-08 -6.859229401961357102e-03 -7.453308108883201569e-03 -8.739148008827050150e-07
-2.308698241895759912e-04 -2.704506818288212683e-05 5.135249662173838915e-03 9.605170837938086219e-04 -8.111063584919860764e-03 4.738024555331613211e-07 -9.357269278402829092e-04 -2.078709287781300291e-03 1.286633328223701060e-07
1.944330040987377598e-09 4.433113559334201027e-09 1.661758441788191721e-07 1.867145231643120617e-07 5.643865004050822005e-08 1.949695741166588810e-03 -1.338302279184617046e-07 7.582789462995805180e-08 1.116072676349194603e-03
3.701978925403141786e-04 -4.555252239653445612e-04 -6.039877761023763891e-03 8.290808627828183744e-03 5.212397240225581305e-03 -3.850213976428631475e-07 -2.447600396388753714e-03 4.254906787683739554e-03 -7.027683909793038872e-08
1.778569432374504662e-04 1.614447897066821624e-04 -3.498833715809132258e-04 1.074715113787744810e-03 9.227836432653572368e-03 6.692324776004657359e-07 -3.222635880722868502e-03 -1.404845764003160484e-03 -8.955471660277940482e-07
-2.270134465551860570e-08 -1.445360372566082938e-08 1.968874824582449663e-07 -1.284700923052764457e-07 -1.367663420730896601e-06 9.226843083929939585e-03 -2.082397096282543099e-07 6.947226036607062749e-07 -3.924802450888406277e-03
-1.002130359156534105e-04 4.999298651950205981e-05 1.542644032892589827e-03 -1.905803785383066709e-03 2.390186004340596766e-03 7.021185646153052953e-07 -7.538287525070755390e-04 -5.518631911923966432e-03 -1.306278089524096049e-07
-1.642074868461877460e-08 1.700313730214856405e-09 3.808920256641115286e-07 1.552343514482115091e-07 -5.365725005847634451e-07 -1.112027386034199206e-03 -1.708321137582091717e-07 5.887039361400181011e-07 6.686674744728123010e-03
-5.974658758741715169e-05 -1.402889059461775827e-04 -2.425817667552256779e-04 -9.944920725864481691e-04 -2.557475364878073094e-03 -1.174218902983905719e-07 9.825439988639576936e-04 2.818169650962330190e-03 -5.522374922098393185e-07
2.870613243467121080e-08 2.369250639708190263e-08 -5.101883076127026629e-08 1.881331695014928565e-07 4.978398500061908065e-07 -4.957375610723381131e-04 -1.078879630607821623e-07 -1.739313541150076301e-07 -2.390904203543883257e-03
5.299173890257662198e-04 1.043576901093534829e-04 -3.354079140009283075e-03 1.974188464652968430e-03 6.857397063568698367e-03 1.201858873186348444e-07 5.018556523666423130e-07 3.892073368894119478e-03 4.312503803015659662e-07
2.139868841155508376e-05 1.622924690283697832e-05 -5.480626441189366885e-03 8.070087699918594530e-04 -5.543287588472818692e-04 -3.885990206145269734e-08 1.517524000937924130e-03 -2.575991269395329526e-04 4.670573891940848476e-07
-1.919568280940134623e-04 6.108950308756970168e-05 2.929743715411159410e-03 -6.093108568664320351e-03 -2.069446784079873470e-03 5.342473462486319804e-08 3.914873848040044575e-03 -2.552465031394751671e-06 -3.968125176951282713e-07
-1.894546851113440098e-08 -9.283648048741590373e-09 -8.822030622296288470e-08 -4.131469605952035942e-07 -1.506997144584525205e-07 -1.592291898614748603e-03 3.820624834032364157e-07 -6.097996466750283563e-07 4.683452448488664016e-03
4.395966627680073023e-04 5.618860896829062094e-05 2.651679474918377296e-03 -1.703547117182778806e-03 3.094279199441962204e-03 1.133336433862839257e-07 6.044136351872122018e-03 9.081140196178352775e-03 -7.031051376382242272e-08
4.725926707785273604e-09 2.387828005764093325e-09 5.461326953515645877e-08 7.431989367362158810e-08 3.115542810359695439e-08 2.241213449466967263e-03 -2.423512213524539878e-07 1.687098063382533341e-07 -3.074463376001019752e-03
-2.345584544985792068e-04 2.603628996676693273e-05 2.211174100127488544e-05 6.663777318918029206e-04 -6.111026239008048033e-04 -2.246268956970598677e-08 -4.143792367561487631e-03 -4.542937216174131043e-03 3.895701431169296455e-08
1.543971432248137559e-04 -5.404680993501273848e-05 3.025865225995345680e-03 -5.517853380159622829e-04 3.212388483182210437e-03 -2.646923545697991554e-07 3.466814945613429927e-04 1.171365140448652007e-03 6.061608443575593289e-08
2.972950099567472414e-09 2.683741585205098614e-09 4.693425152695685633e-07 3.441268616386488070e-09 4.612999313115586192e-07 -3.165821321021489859e-03 1.325711473894039756e-07 2.066148645485452175e-07 1.519894359683655188e-04
1.154295275360644286e-05 -2.559988427826145475e-05 -3.985786359247758120e-03 -4.088693956390936080e-04 -3.347325378881375879e-03 -2.580864401695344984e-07 7.011137078805943727e-04 -1.420185755939568127e-03 -3.952818443258317591e-07
1.817722220369081961e-09 2.619151456526156881e-09 -2.807631280797393097e-07 -4.149605155365009214e-08 -3.344448427419443329e-07 1.697243829301174145e-03 -5.645516464081516382e-08 -2.649065375215912346e-09 3.177989534617508671e-03
-1.051881266424690910e-04 -1.248436154663403515e-04 -3.053751581492462203e-03 1.909329803206069555e-03 -1.265752904035241395e-03 -4.346575513839213487e-07 -6.103806190560197645e-06 -1.268569507763952619e-03 -3.931434959149031671e-07
1.091811094416411540e-08 6.245542358331187114e-08 1.057844359986528618e-06 -5.442515619627844110e-07 3.027924182022050915e-07 -1.373126558954467901e-03 -2.511738119435213281e-07 2.878687498465752429e-07 -2.307500969851760623e-03
1.217261801864526113e-04 -1.558014139876742277e-04 -2.168815379515992136e-03 -2.827110541124674883e-04 -5.033544546038841785e-04 1.455394338342311820e-07 1.803852428015181343e-03 9.770557153227072116e-04 -4.644879622214095066e-07
4.003357991576874352e-04 8.649300687831458197e-05 -3.592211695764581901e-03 4.774155901647080327e-04 -3.782633033483867244e-03 3.552124958121532822e-08 -1.695318013054244229e-03 -3.616333732823031645e-03 -1.446509998990503910e-07
-2.616948670968481481e-09 3.862001607672763368e-09 9.124552421329251035e-09 -1.431388392612581743e-07 -8.856077127837963914e-08 -1.754961552612205973e-03 1.206295912350542775e-07 -2.036656486142323861e-07 4.940066267020954728e-03
-3.329106075943900797e-05 -6.125351781803751745e-05 1.332495336365993165e-03 1.079115088631896159e-03 1.133083019669056836e-04 -1.739137106011599406e-07 -2.833117806832786360e-03 2.254335818470551856e-03 1.157669281100449427e-07
-4.189561639818838222e-05 1.054627145657930187e-05 2.090266879586940955e-04 -1.409754434658619035e-03 -3.420216454384862105e-04 -1.051199415153899175e-07 -4.053370781054523074e-04 -5.301956313721091236e-04 -1.354740566528406954e-07
1.103177948086166756e-04 -3.455348189229530658e-06 1.173934416519368650e-03 -1.458812575408446454e-03 -1.075368281456496938e-03 -1.551057126966412418e-07 1.576772195257524715e-03 1.394735589306453491e-04 2.276656223933061904e-08
1.990233308750969396e-09 3.961500406430553722e-10 4.756827617228568238e-08 5.889845935675540282e-09 -6.302987567306965055e-08 -4.166025540896574342e-03 1.397343467735072682e-07 -1.028638122298144846e-07 -8.201187705737624997e-03
4.521584225654140055e-05 7.784318923167499372e-06 -2.564189338836380099e-03 -4.606533267862570127e-04 1.970414426504441766e-03 1.166637412491080009e-07 5.177933993744384539e-03 6.469311244670991959e-03 8.721256297349400095e-08
-1.386127666752159089e-09 1.253132216186326342e-10 8.113302075881262191e-08 4.857531932638633436e-08 2.094709799066302053e-08 3.642188123468082309e-03 -3.138599716242344632e-07 -1.528264034940062718e-08 7.728740942966048563e-03
1.390267281556643929e-04 1.483577558366054648e-04 2.375119248835351926e-04 2.097859525203286338e-03 4.820654373519169325e-03 -2.152425689742989445e-07 -2.313142189874685221e-03 5.307068727035254771e-04 -1.415275996702738964e-07
-3.047825926914012965e-09 -4.488621964923617026e-09 1.593642751041396256e-08 -3.374224107593953390e-08 -1.521834107175743757e-07 -2.457739509113056418e-03 1.151360576328241526e-07 -1.526923452915468702e-07 -4.860886011080394441e-03
2.127683624442515794e-05 1.364188754112981598e-04 8.765588891751197563e-04 3.256235442587525233e-04 1.317663667496053390e-03 -1.697514919170499117e-07 -8.766969483320259139e-04 1.859036471541660970e-05 -4.264016043197374494e-09
-2.463642542411241402e-05 -8.085881367324339731e-05 -2.856145574333131439e-03 2.156196885696907723e-03 1.856105586713390366e-03 -3.943257011136396945e-08 -7.353281818082859191e-04 4.630202378696011002e-04 4.464424673195295821e-08
-9.260106231705391800e-09 9.630680680847521614e-10 -8.098098312397664590e-09 -2.395028244452133557e-08 -1.037324626912586918e-07 7.980921603535750652e-04 -6.849444842273691376e-08 1.625689685247683911e-08 3.146339355763856475e-03
2.870480036098452584e-04 -2.318601221620897898e-05 2.896590319870134822e-03 -5.872893183370683562e-04 1.577364765723108121e-03 -8.265760035897617578e-09 4.167244759715806068e-04 1.251366152693565974e-03 -3.437840377082018964e-08
-2.115707221038621160e-09 -9.755246703533746366e-11 3.706453289936987336e-08 5.292332602919350157e-08 -5.634540442246839844e-09 -7.651894648538360832e-04 -3.915299385747926333e-09 -1.294775173067413001e-08 -1.015734076672294940e-03
1.155338261875627469e-04 -1.336277789086851497e-04 1.474871054704853055e-03 -8.896189270205860601e-04 3.335010724135850473e-05 4.010511953008695853e-08 1.490878584875030954e-03 1.639222012196651966e-03 -6.373881677418796169e-08
1.466365865669263884e-04 5.104419774322561053e-05 4.562565789610168137e-04 -1.289691652237124969e-04 5.657587941161389220e-04 -2.702269070622002318e-08 3.430100272404426869e-04 7.237573935780477596e-04 -5.356969603643508745e-08
-5.456037053773960674e-06 6.793019621989359995e-05 -4.296456312092700164e-05 -1.283683052337349767e-04 1.826346872962671130e-05 -1.724239183811858677e-09 5.852774023160415250e-05 -9.612399551860661105e-06 -6.145742579738225700e-09
1.589619668627677436e-04 -3.475802307026545840e-06 -1.344205544945518949e-04 4.942429819056347513e-05 -1.679780423321674719e-05 4.248120244442226078e-09 -2.777600625574898384e-05 -3.326141357282487736e-05 2.717089292048325962e-09
